1 2
1 3
1 4
1 5
1 6
1 7
1 8
1 9
1 10
1 11
1 12
13 14
13 15
13 16
13 17
13 18
13 19
13 20
13 21
13 22
13 23
24 14
24 25
24 26
24 17
24 27
24 28
24 29
24 30
24 31
24 32
24 33
34 35
34 26
34 28
34 18
34 36
34 37
34 7
34 38
34 10
34 23
34 39
40 41
40 42
40 43
40 44
40 27
40 45
40 46
40 47
40 48
40 49
40 50
50 45
50 49
50 41
50 18
50 51
50 22
50 52
50 32
50 47
50 44
53 35
53 27
53 54
53 55
53 56
53 57
53 58
53 59
53 48
53 60
61 45
61 35
61 55
61 62
61 63
61 56
61 64
61 58
61 31
47 44
47 43
47 49
47 45
47 51
47 27
47 6
47 65
47 66
67 44
67 68
67 69
67 70
67 71
67 72
67 73
67 74
67 31
67 39
67 12
75 76
75 77
75 17
75 78
75 79
75 80
75 46
75 28
75 81
75 82
75 83
25 84
25 54
25 85
25 33
25 30
25 31
25 86
25 87
25 88
25 89
3 36
3 90
3 6
3 7
3 52
3 8
3 91
3 11
3 92
3 9
69 71
69 39
69 93
69 94
69 70
69 95
69 72
69 74
69 81
69 68
69 73
79 96
79 77
79 78
79 29
79 71
79 97
79 82
79 83
79 98
71 76
71 39
71 4
71 70
71 72
71 74
71 68
71 73
71 66
85 62
85 63
85 99
85 52
85 59
85 60
4 76
4 65
4 84
4 100
4 80
4 99
4 31
4 92
4 101
45 14
45 41
45 49
45 27
45 54
45 51
45 93
45 32
74 41
74 39
74 20
74 70
74 72
74 22
74 68
74 73
102 103
102 104
102 105
102 94
102 106
102 107
102 91
102 83
102 108
102 66
9 76
9 90
9 96
9 6
9 7
9 109
9 8
9 11
110 42
110 93
110 63
110 107
110 64
110 59
110 86
110 11
65 76
65 96
65 43
65 84
65 57
65 99
65 92
65 101
65 89
83 77
83 46
83 29
83 32
83 97
83 81
83 98
19 15
19 16
19 77
19 111
19 17
19 20
19 21
19 22
19 87
19 112
81 77
81 28
81 78
81 101
81 46
81 98
81 82
55 94
55 56
55 58
55 32
55 59
55 48
55 60
55 57
98 49
98 77
98 28
98 29
98 46
98 97
98 48
98 10
84 76
84 96
84 100
84 95
84 99
84 31
84 92
84 26
93 42
93 70
93 7
93 80
93 52
93 97
93 87
96 100
96 52
96 80
96 99
96 101
96 92
20 14
20 16
20 111
20 51
20 17
20 21
20 22
20 11
52 42
52 90
52 80
52 108
108 103
108 104
108 105
108 94
108 106
108 107
108 30
108 88
108 66
68 76
68 51
68 70
68 72
68 39
68 78
68 73
73 14
73 39
73 17
73 70
73 29
73 72
66 103
66 104
66 105
66 94
66 106
66 107
66 12
16 14
16 41
16 15
16 111
16 18
16 17
16 37
16 21
49 43
49 41
49 29
49 97
49 32
49 58
49 44
54 94
54 56
54 33
54 30
54 86
54 87
54 88
54 89
51 41
51 44
51 43
51 27
51 56
51 32
17 14
17 15
17 111
17 22
21 14
21 15
21 43
21 111
21 22
21 39
21 112
89 100
89 87
89 36
89 33
89 30
89 86
89 60
89 88
14 15
14 77
14 111
14 22
44 103
44 43
44 27
44 64
44 32
18 26
18 111
18 36
18 37
18 38
18 10
18 23
90 2
90 105
90 62
90 5
90 6
90 7
90 109
90 91
56 63
56 57
56 59
56 48
56 60
56 88
95 113
95 2
95 114
95 72
95 12
95 23
95 115
95 112
95 91
46 113
46 28
46 78
46 29
46 82
32 43
32 41
32 27
48 35
48 57
48 58
48 59
48 60
60 62
60 57
60 64
60 33
60 59
101 76
101 100
101 99
101 109
101 11
101 92
15 111
15 37
15 22
15 115
15 112
115 35
115 114
115 113
115 8
115 12
115 23
115 112
104 103
104 105
104 94
104 106
104 107
104 5
104 31
64 35
64 62
64 63
64 7
64 58
64 59
97 113
97 62
97 77
97 28
97 78
97 29
97 82
58 35
58 43
58 62
58 63
31 107
31 33
31 88
31 26
86 100
86 106
86 33
86 30
86 59
86 87
86 88
114 113
114 111
114 36
114 37
114 12
114 82
114 112
78 28
78 29
78 72
78 82
78 12
107 103
107 2
107 105
107 94
107 106
99 76
99 100
99 105
99 6
8 42
8 2
8 7
8 109
8 91
8 11
88 63
88 33
88 30
88 87
62 35
62 63
62 57
5 103
5 2
5 57
5 6
5 7
5 109
5 91
5 11
80 113
80 42
80 82
22 111
22 37
38 77
38 111
38 36
38 37
38 10
38 23
38 39
38 26
59 35
59 57
92 76
92 42
92 100
92 109
92 12
2 6
2 7
2 109
2 91
28 77
28 72
28 82
105 103
105 36
105 94
105 106
105 87
33 87
33 30
10 113
10 26
10 36
10 37
10 70
10 23
10 39
103 100
103 94
103 106
42 109
77 29
36 26
36 37
36 106
36 23
57 41
57 63
7 11
39 70
39 72
12 113
12 112
63 35
63 91
91 6
91 109
91 11
87 30
112 113
112 30
41 27
41 43
37 26
37 23
106 94
72 70
82 113
82 29
82 23
23 26
35 27
27 43
100 76
100 30
70 43
6 109
11 109
